runMode:           1
isData:            1

triggerMenu:       2016.pPb.forwardION

triggers.2016.pPb.forwardION: HLT_mb_sptrk_L1MBTS_1 HLT_j15_ion_n320eta490_L1MBTS_1_1
triggersPrescale.2016.pPb.forwardION: 14.16 1.02
triggersRef.2016.pPb.forwardION: HLT_mb_sptrk_L1MBTS_1 HLT_mb_sptrk_L1MBTS_1
triggersThold.2016.pPb.forwardION: 0 15
triggersEffPtLow.2016.pPb.forwardION: 0 28
triggersEffPtHigh.2016.pPb.forwardION: 28 -1	
triggersEtaMin.2016.pPb.forwardION: -5 3.2
triggersEtaMax.2016.pPb.forwardION: 5 4.9

unfoldingMC:      pythia8
unfoldingMCLabel: Pythia8

runs.2016.pPb.forwardION: 312649 312796 312837 312937 312945 312968 314199
lumi.2016.pPb.forwardION: 0.0974802 55.2873743 65.44016 30.48414 36.19982 54.20919 106.506808

combinationBoth: 4