triggerMenu:       2015.pp.mixTest

triggers.2015.pp.mix: HLT_mb_sptrk HLT_j10_320eta490 HLT_j15_320eta490 HLT_j25_320eta490_L1TE5 HLT_j35_320eta490_L1TE10 HLT_j45_320eta490 HLT_j55_320eta490 HLT_j20 HLT_j30_L1TE5 HLT_j40_L1TE10 HLT_j50_L1J12 HLT_j60_L1J15 HLT_j75_L1J20 HLT_j85
triggersPrescale.2015.pp.mix: 115188.02 236724.63 105649.03 286.41 73.80 1.44 1.44 4527.8 297.562 72.2414 14.2651 10.4444 1.00066 1.0
triggersRef.2015.pp.mix: HLT_mb_sptrk HLT_mb_sptrk HLT_mb_sptrk HLT_j15_320eta490 HLT_j25_320eta490_L1TE5 HLT_j35_320eta490_L1TE10 HLT_j45_320eta490 HLT_mb_sptrk HLT_mb_sptrk HLT_j30_L1TE5 HLT_j30_L1TE5 HLT_j40_L1TE10 HLT_j50_L1J12 HLT_j60_L1J15 
triggersThold.2015.pp.mix: 0 10 15 25 35 45 55 20 30 40 50 60 75 85
triggersEffPtLow.2015.pp.mix: 0 20 25 35 45 55 65 26 35 44.5 59 70 79 89
triggersEffPtHigh.2015.pp.mix: 20 25 35 45 55 65 -1 35 44.5 59 70 79 89 -1
triggersEtaMin.2015.pp.mix: -5 3.2 3.2 3.2 3.2 3.2 3.2 -3.2 -3.2 -3.2 -3.2 -3.2 -3.2 -3.2 
triggersEtaMax.2015.pp.mix: 5 4.9 4.9 4.9 4.9 4.9 4.9 3.2 3.2 3.2 3.2 3.2 3.2 3.2 

lowestCentTrigger.2015.pp.mix: HLT_j20

triggers.2015.pp.mixTest: HLT_mb_sptrk HLT_j25_320eta490_L1TE5 HLT_j35_320eta490_L1TE10 HLT_j45_320eta490 HLT_j55_320eta490 HLT_j20 HLT_j30_L1TE5 HLT_j40_L1TE10 HLT_j50_L1J12 HLT_j60_L1J15 HLT_j75_L1J20 HLT_j85
triggersPrescale.2015.pp.mixTest: 115188.02 286.41 73.80 1.44 1.44 4527.8 297.562 72.2414 14.2651 10.4444 1.00066 1.0
triggersRef.2015.pp.mixTest: HLT_mb_sptrk HLT_mb_sptrk HLT_j25_320eta490_L1TE5 HLT_j35_320eta490_L1TE10 HLT_j45_320eta490 HLT_mb_sptrk HLT_mb_sptrk HLT_j30_L1TE5 HLT_j30_L1TE5 HLT_j40_L1TE10 HLT_j50_L1J12 HLT_j60_L1J15 
triggersThold.2015.pp.mixTest: 0 25 35 45 55 20 30 40 50 60 75 85
triggersEffPtLow.2015.pp.mixTest: 0 28 42 52 65 26 35 44.5 59 70 79 89
triggersEffPtHigh.2015.pp.mixTest: 28 42 52 65 -1 35 44.5 59 70 79 89 -1
triggersEtaMin.2015.pp.mixTest: -5 3.2 3.2 3.2 3.2 -3.2 -3.2 -3.2 -3.2 -3.2 -3.2 -3.2 
triggersEtaMax.2015.pp.mixTest: 5 4.9 4.9 4.9 4.9 3.2 3.2 3.2 3.2 3.2 3.2 3.2 

lowestCentTrigger.2015.pp.mixTest: HLT_j20

jetPtMin:           10
jetRparameter:      0.4

unfoldingMC.2015.pp.mixTest: pythia8powheg
unfoldingMClabel.2015.pp.mixTest: Pythia8+Powheg